Sample	0	1	2	3	4
Ods10xIds15x_HG006_sup-PAY77227_0.ont.sentdhio.1-24.snv.sort	(2, 0.0004918809305056851)	(252, 0.04726433097716727)	(501, 0.348151922239168)	(750, 0.029990149544639626)	(1000, 0.00034950970032373115)
Ods10xIds5x_HG006_sup-PAY77227_0.ont.sentdhio.1-24.snv.sort	(2, 0.0006696224065000783)	(252, 0.04710023650475099)	(501, 0.3486362239940589)	(750, 0.03015550206843247)	(1000, 0.00031664315346127735)
Ods10xIds9x_HG006_sup-PAY77227_0.ont.sentdhio.1-24.snv.sort	(2, 0.0005773675177128245)	(252, 0.04718000187383759)	(501, 0.34860832801086733)	(750, 0.02996035358218504)	(1000, 0.0003340621423555807)
Ods15xIds15x_HG006_sup-PAY77227_0.ont.sentdhio.1-24.snv.sort	(2, 0.0004918809305056851)	(252, 0.04726433097716727)	(501, 0.348151922239168)	(750, 0.029990149544639626)	(1000, 0.00034950970032373115)
Ods15xIds20x_HG006_sup-PAY77227_0.ont.sentdhio.1-24.snv.sort	(2, 0.00046801079925893685)	(252, 0.047490988601753284)	(501, 0.3479085735488283)	(750, 0.03003282094134442)	(1000, 0.0003530993988764509)
Ods15xIds9x_HG006_sup-PAY77227_0.ont.sentdhio.1-24.snv.sort	(2, 0.0005773675177128245)	(252, 0.04718000187383759)	(501, 0.34860832801086733)	(750, 0.02996035358218504)	(1000, 0.0003340621423555807)
Ods5xIds15x_HG006_sup-PAY77227_0.ont.sentdhio.1-24.snv.sort	(2, 0.0004918809305056851)	(252, 0.04726433097716727)	(501, 0.348151922239168)	(750, 0.029990149544639626)	(1000, 0.00034950970032373115)
Ods5xIds5x_HG006_sup-PAY77227_0.ont.sentdhio.1-24.snv.sort	(2, 0.0006696224065000783)	(252, 0.04710023650475099)	(501, 0.3486362239940589)	(750, 0.03015550206843247)	(1000, 0.00031664315346127735)
Ods5xIds9x_HG006_sup-PAY77227_0.ont.sentdhio.1-24.snv.sort	(2, 0.0005773675177128245)	(252, 0.04718000187383759)	(501, 0.34860832801086733)	(750, 0.02996035358218504)	(1000, 0.0003340621423555807)
