Sample	0	1	2
Ods10xIds15x_HG006_sup-PAY77227_0.ont.sentdhio.1-24.snv.sort	(12, 1456431823)	(20, 1270931234)	(37, 51009256144)
Ods10xIds5x_HG006_sup-PAY77227_0.ont.sentdhio.1-24.snv.sort	(12, 485098473)	(20, 423206470)	(37, 16993783593)
Ods10xIds9x_HG006_sup-PAY77227_0.ont.sentdhio.1-24.snv.sort	(12, 873821044)	(20, 762494214)	(37, 30606774050)
Ods15xIds15x_HG006_sup-PAY77227_0.ont.sentdhio.1-24.snv.sort	(12, 1456431823)	(20, 1270931234)	(37, 51009256144)
Ods15xIds20x_HG006_sup-PAY77227_0.ont.sentdhio.1-24.snv.sort	(12, 1941645414)	(20, 1694277362)	(37, 67997428411)
Ods15xIds9x_HG006_sup-PAY77227_0.ont.sentdhio.1-24.snv.sort	(12, 873821044)	(20, 762494214)	(37, 30606774050)
Ods5xIds15x_HG006_sup-PAY77227_0.ont.sentdhio.1-24.snv.sort	(12, 1456431823)	(20, 1270931234)	(37, 51009256144)
Ods5xIds5x_HG006_sup-PAY77227_0.ont.sentdhio.1-24.snv.sort	(12, 485098473)	(20, 423206470)	(37, 16993783593)
Ods5xIds9x_HG006_sup-PAY77227_0.ont.sentdhio.1-24.snv.sort	(12, 873821044)	(20, 762494214)	(37, 30606774050)
