Region AZ        	  #       
Instance
Types   	          Median
Spot $	          Min 
Spot
$   	          Max 
Spot
$   	          Harmonic
Mean    
Spot $  	          Spot 
Stab-
ility	          FASTQ
(GB) 	          BAM 
(GB)	          CRAM
(GB)	          snv 
VCF 
(GB)	          snv 
gVCF
(GB)	          sv  
VCF 
(GB)	          Other
(GB) 	          $ per
vCPU min
harmonic	          ~ EC2 $ 

harmonic
1. us-west-2a    	6	  4.16960	  3.29930	  7.19950	  4.24641	  3.90020	 49.50000	 39.00000	 13.20000	  0.12000	  1.20000	  0.12000	  0.00300	  0.00037	 11.17140
2. us-west-2b    	6	  3.72225	  2.77390	  5.24880	  3.63809	  2.47490	 49.50000	 39.00000	 13.20000	  0.12000	  1.20000	  0.12000	  0.00300	  0.00032	  9.57104
3. us-west-2c    	6	  3.78520	  2.95610	  4.47280	  3.60648	  1.51670	 49.50000	 39.00000	 13.20000	  0.12000	  1.20000	  0.12000	  0.00300	  0.00031	  9.48787
4. us-west-2d    	6	  3.33735	  2.89530	  4.67920	  3.42127	  1.78390	 49.50000	 39.00000	 13.20000	  0.12000	  1.20000	  0.12000	  0.00300	  0.00030	  9.00062
5. us-east-1a    	6	  3.43570	  2.91290	  4.53400	  3.51500	  1.62110	 49.50000	 39.00000	 13.20000	  0.12000	  1.20000	  0.12000	  0.00300	  0.00031	  9.24721
6. us-east-1b    	6	  3.09735	  2.67180	  5.60190	  3.39140	  2.93010	 49.50000	 39.00000	 13.20000	  0.12000	  1.20000	  0.12000	  0.00300	  0.00029	  8.92203
7. us-east-1c    	6	  3.19105	  2.78990	  4.69190	  3.36064	  1.90200	 49.50000	 39.00000	 13.20000	  0.12000	  1.20000	  0.12000	  0.00300	  0.00029	  8.84112
8. us-east-1d    	6	  3.12995	  2.85900	  4.97460	  3.34013	  2.11560	 49.50000	 39.00000	 13.20000	  0.12000	  1.20000	  0.12000	  0.00300	  0.00029	  8.78717
9. ap-south-1a   	6	  3.53335	  0.85680	  4.78850	  1.89250	  3.93170	 49.50000	 39.00000	 13.20000	  0.12000	  1.20000	  0.12000	  0.00300	  0.00016	  4.97875
10. ap-south-1b  	6	  2.75040	  1.01810	  4.88800	  1.95265	  3.86990	 49.50000	 39.00000	 13.20000	  0.12000	  1.20000	  0.12000	  0.00300	  0.00017	  5.13700
11. ap-south-1c  	6	  3.03510	  2.19790	  4.83660	  3.08912	  2.63870	 49.50000	 39.00000	 13.20000	  0.12000	  1.20000	  0.12000	  0.00300	  0.00027	  8.12680
12. ap-south-1d  	0	nan      	nan      	nan      	nan      	nan      	nan      	nan      	nan      	nan      	nan      	nan      	nan      	nan      	nan
13. eu-central-1a	6	  3.42080	  1.54440	  7.64250	  2.98864	  6.09810	 49.50000	 39.00000	 13.20000	  0.12000	  1.20000	  0.12000	  0.00300	  0.00026	  7.86248
14. eu-central-1b	6	  2.08590	  1.50310	  3.23170	  2.07360	  1.72860	 49.50000	 39.00000	 13.20000	  0.12000	  1.20000	  0.12000	  0.00300	  0.00018	  5.45520
15. eu-central-1c	6	  1.74035	  1.43990	  2.97490	  1.81982	  1.53500	 49.50000	 39.00000	 13.20000	  0.12000	  1.20000	  0.12000	  0.00300	  0.00016	  4.78756
16. ca-central-1a	6	  4.35180	  3.52660	  5.44030	  4.32709	  1.91370	 49.50000	 39.00000	 13.20000	  0.12000	  1.20000	  0.12000	  0.00300	  0.00038	 11.38363
17. ca-central-1b	6	  4.23430	  3.72120	  5.59920	  4.38924	  1.87800	 49.50000	 39.00000	 13.20000	  0.12000	  1.20000	  0.12000	  0.00300	  0.00038	 11.54715
18. ca-central-1c	0	nan      	nan      	nan      	nan      	nan      	nan      	nan      	nan      	nan      	nan      	nan      	nan      	nan      	nan