Sample	CATEGORY	TOTAL_READS	PF_READS	PCT_PF_READS	PF_NOISE_READS	PF_READS_ALIGNED	PCT_PF_READS_ALIGNED	PF_ALIGNED_BASES	PF_HQ_ALIGNED_READS	PF_HQ_ALIGNED_BASES	PF_HQ_ALIGNED_Q20_BASES	PF_HQ_MEDIAN_MISMATCHES	PF_MISMATCH_RATE	PF_HQ_ERROR_RATE	PF_INDEL_RATE	MEAN_READ_LENGTH	READS_ALIGNED_IN_PAIRS	PCT_READS_ALIGNED_IN_PAIRS	BAD_CYCLES	STRAND_BALANCE	PCT_CHIMERAS	PCT_ADAPTER
Ods10xUds10x_HG006_sup-PAY77227_0.ont.sentdhuo.1-24.snv.sort	UNPAIRED	121186284.0	121186284.0	1.0	0.0	121186284.0	1.0	34784029182.0	112272109.0	32543847727.0	28173755055.0	1.0	0.00646	0.005779	0.008436	293.611778	0.0	0.0	0.0	0.499877	0.0	0.0
Ods10xUds15x_HG006_sup-PAY77227_0.ont.sentdhuo.1-24.snv.sort	UNPAIRED	181769503.0	181769503.0	1.0	0.0	181769503.0	1.0	52173673411.0	168394539.0	48812377860.0	42257716565.0	1.0	0.00646	0.005779	0.008435	293.613985	0.0	0.0	0.0	0.499831	0.0	0.0
Ods10xUds5x_HG006_sup-PAY77227_0.ont.sentdhuo.1-24.snv.sort	UNPAIRED	60583732.0	60583732.0	1.0	0.0	60583732.0	1.0	17389535639.0	56127711.0	16269603068.0	14084755319.0	1.0	0.006461	0.005779	0.008437	293.614229	0.0	0.0	0.0	0.499912	0.0	0.0
Ods15xUds10x_HG006_sup-PAY77227_0.ont.sentdhuo.1-24.snv.sort	UNPAIRED	120735997.0	120735997.0	1.0	0.0	120735997.0	1.0	34654763980.0	111855266.0	32422967955.0	28069113818.0	1.0	0.00646	0.005779	0.008436	293.611556	0.0	0.0	0.0	0.499878	0.0	0.0
Ods15xUds15x_HG006_sup-PAY77227_0.ont.sentdhuo.1-24.snv.sort	UNPAIRED	62053472.0	62053472.0	1.0	0.0	62053472.0	1.0	17811541076.0	57489197.0	16664387464.0	14426567271.0	1.0	0.00646	0.005779	0.008436	293.61676	0.0	0.0	0.0	0.499923	0.0	0.0
Ods15xUds20x_HG006_sup-PAY77227_0.ont.sentdhuo.1-24.snv.sort	UNPAIRED	242936332.0	242936332.0	1.0	0.0	242936332.0	1.0	69730175132.0	225060418.0	65237988974.0	56477498520.0	1.0	0.00646	0.005779	0.008436	293.612787	0.0	0.0	0.0	0.499832	0.0	0.0
Ods5xUds10x_HG006_sup-PAY77227_0.ont.sentdhuo.1-24.snv.sort	UNPAIRED	121186284.0	121186284.0	1.0	0.0	121186284.0	1.0	34784029182.0	112272109.0	32543847727.0	28173755055.0	1.0	0.00646	0.005779	0.008436	293.611778	0.0	0.0	0.0	0.499877	0.0	0.0
Ods5xUds15x_HG006_sup-PAY77227_0.ont.sentdhuo.1-24.snv.sort	UNPAIRED	181769503.0	181769503.0	1.0	0.0	181769503.0	1.0	52173673411.0	168394539.0	48812377860.0	42257716565.0	1.0	0.00646	0.005779	0.008435	293.613985	0.0	0.0	0.0	0.499831	0.0	0.0
Ods5xUds5x_HG006_sup-PAY77227_0.ont.sentdhuo.1-24.snv.sort	UNPAIRED	60583732.0	60583732.0	1.0	0.0	60583732.0	1.0	17389535639.0	56127711.0	16269603068.0	14084755319.0	1.0	0.006461	0.005779	0.008437	293.614229	0.0	0.0	0.0	0.499912	0.0	0.0
