Sample	0	1	2	3	4	5	6	7	8	9	10
Ods10xUds10x_HG006_sup-PAY77227_0.ont.sentdhuo.1-24.snv.sort	(0, 1735536)	(1, 52875430)	(3, 301149134)	(6, 685341158)	(9, 788669534)	(12, 1044920271)	(15, 722068165)	(17, 753210617)	(19, 789199064)	(25, 5423814781)	(35, 25018736608)
Ods10xUds15x_HG006_sup-PAY77227_0.ont.sentdhuo.1-24.snv.sort	(0, 2603000)	(1, 79314338)	(3, 451662217)	(6, 1027910298)	(9, 1182927089)	(12, 1567167323)	(15, 1083074547)	(17, 1129761009)	(19, 1183731206)	(25, 8135374604)	(35, 37526542531)
Ods10xUds5x_HG006_sup-PAY77227_0.ont.sentdhuo.1-24.snv.sort	(0, 867065)	(1, 26434183)	(3, 150567459)	(6, 342623713)	(9, 394293031)	(12, 522380181)	(15, 361014828)	(17, 376566000)	(19, 394537233)	(25, 2711604122)	(35, 12507357941)
Ods15xUds10x_HG006_sup-PAY77227_0.ont.sentdhuo.1-24.snv.sort	(0, 1729042)	(1, 52679017)	(3, 300028805)	(6, 682793317)	(9, 785739667)	(12, 1041036924)	(15, 719382323)	(17, 750410873)	(19, 786266463)	(25, 5403649025)	(35, 24925768433)
Ods15xUds15x_HG006_sup-PAY77227_0.ont.sentdhuo.1-24.snv.sort	(0, 888233)	(1, 27074897)	(3, 154221172)	(6, 350930872)	(9, 403851231)	(12, 535048654)	(15, 369767279)	(17, 385695922)	(19, 404111489)	(25, 2777365584)	(35, 12810984037)
Ods15xUds20x_HG006_sup-PAY77227_0.ont.sentdhuo.1-24.snv.sort	(0, 3479616)	(1, 106008551)	(3, 603656705)	(6, 1373844178)	(9, 1581039267)	(12, 2094533319)	(15, 1447553393)	(17, 1509955467)	(19, 1582063815)	(25, 10872829004)	(35, 50154250118)
Ods5xUds10x_HG006_sup-PAY77227_0.ont.sentdhuo.1-24.snv.sort	(0, 1735536)	(1, 52875430)	(3, 301149134)	(6, 685341158)	(9, 788669534)	(12, 1044920271)	(15, 722068165)	(17, 753210617)	(19, 789199064)	(25, 5423814781)	(35, 25018736608)
Ods5xUds15x_HG006_sup-PAY77227_0.ont.sentdhuo.1-24.snv.sort	(0, 2603000)	(1, 79314338)	(3, 451662217)	(6, 1027910298)	(9, 1182927089)	(12, 1567167323)	(15, 1083074547)	(17, 1129761009)	(19, 1183731206)	(25, 8135374604)	(35, 37526542531)
Ods5xUds5x_HG006_sup-PAY77227_0.ont.sentdhuo.1-24.snv.sort	(0, 867065)	(1, 26434183)	(3, 150567459)	(6, 342623713)	(9, 394293031)	(12, 522380181)	(15, 361014828)	(17, 376566000)	(19, 394537233)	(25, 2711604122)	(35, 12507357941)
