Sample	A>C	A>G	A>T	C>A	C>G	C>T	G>A	G>C	G>T	T>A	T>C	T>G
UG1_ANA0-HG001_DBC0_0.ug.sentdug.snv.sort	223653.0	747627.0	200027.0	220990.0	216665.0	774094.0	768796.0	217062.0	221918.0	200675.0	757664.0	226865.0
UG1_ANA0-HG002_DBC0_0.ug.sentdug.snv.sort	230575.0	762318.0	205617.0	223470.0	219039.0	781650.0	777668.0	219890.0	225752.0	204395.0	770466.0	234257.0
UG1_ANA0-HG003_DBC0_0.ug.sentdug.snv.sort	223317.0	747952.0	201118.0	220372.0	216902.0	772395.0	770303.0	217962.0	221889.0	200228.0	754657.0	227275.0
UG1_ANA0-HG004_DBC0_0.ug.sentdug.snv.sort	230398.0	765217.0	206314.0	226276.0	221709.0	789443.0	784932.0	222287.0	226787.0	204998.0	774109.0	233337.0
UG1_ANA0-HG005_DBC0_0.ug.sentdug.snv.sort	223590.0	749348.0	200810.0	219443.0	216123.0	769202.0	766257.0	216880.0	221801.0	199420.0	754661.0	227114.0
UG1_ANA0-HG006_DBC0_0.ug.sentdug.snv.sort	228240.0	757505.0	203450.0	221177.0	216795.0	771231.0	768926.0	218312.0	225032.0	203170.0	763487.0	232067.0
UG1_ANA0-HG007_DBC0_0.ug.sentdug.snv.sort	228763.0	760041.0	204068.0	223276.0	218626.0	779042.0	776163.0	219399.0	224649.0	202228.0	765841.0	231332.0
UG1_ANA1-HG004_DBC0_0.ug.sentdug.snv.sort	226904.0	757436.0	204133.0	224190.0	221063.0	785210.0	780826.0	221128.0	225124.0	202971.0	765969.0	229315.0
UG1_ANA1-HG005_DBC0_0.ug.sentdug.snv.sort	224191.0	751072.0	201395.0	219933.0	216237.0	769653.0	767057.0	217096.0	222173.0	199598.0	756087.0	228253.0
