Sample	sum_pct_a	sum_pct_c	sum_pct_g	sum_pct_t	sum_pct_n	cycle_count	mean_pct_a	mean_pct_c	mean_pct_g	mean_pct_t
UG1_ANA0-HG001_DBC0_0	10556.715693000006	10845.632004999996	11116.105876999998	10081.546418999997	0.0	426	24.78102275352114	25.459230058685435	26.094145251173703	23.665601922535203
UG1_ANA0-HG002_DBC0_0	10424.684825999988	10682.110640000004	11187.820532999998	10005.383992999994	0.0	423	24.644644978723374	25.253216643026015	26.448748304964536	23.65339005437351
UG1_ANA0-HG003_DBC0_0	10764.804951000002	10796.46146599999	11544.223929000003	10194.509648000001	0.0	433	24.860981411085454	24.934091145496513	26.661025240184767	23.543902189376446
UG1_ANA0-HG004_DBC0_0	10445.115043999998	10704.018678	11311.619330000001	10039.246965000006	0.0	425	24.576741279999997	25.185926301176472	26.61557489411765	23.621757564705895
UG1_ANA0-HG005_DBC0_0	10542.600802	10796.901693	11284.772997999991	10175.724509000005	0.0	428	24.632244864485983	25.226405824766356	26.36629205140185	23.775057264018702
UG1_ANA0-HG006_DBC0_0	10568.796906000007	11361.508706000002	11293.365428000003	10276.328949	0.0	435	24.296084841379326	26.11841081839081	25.961759604597706	23.62374471034483
UG1_ANA0-HG007_DBC0_0	10900.983976000003	11338.73851100001	11175.307242	10684.970274999994	0.0	441	24.718784526077105	25.711425195011362	25.34083274829932	24.228957539682526
UG1_ANA1-HG004_DBC0_0	10209.341243999997	10783.761604000003	11096.170791999999	9910.726346000003	0.0	420	24.307955342857138	25.675622866666675	26.419454266666666	23.5969674904762
UG1_ANA1-HG005_DBC0_0	10506.891580999983	11812.770186000003	11176.556239999996	10703.781996	0.0	442	23.771247920814442	26.72572440271494	25.286326334841622	24.21670134841629
