Sample	CATEGORY	TOTAL_READS	PF_READS	PCT_PF_READS	PF_NOISE_READS	PF_READS_ALIGNED	PCT_PF_READS_ALIGNED	PF_ALIGNED_BASES	PF_HQ_ALIGNED_READS	PF_HQ_ALIGNED_BASES	PF_HQ_ALIGNED_Q20_BASES	PF_HQ_MEDIAN_MISMATCHES	PF_MISMATCH_RATE	PF_HQ_ERROR_RATE	PF_INDEL_RATE	MEAN_READ_LENGTH	SD_READ_LENGTH	MEDIAN_READ_LENGTH	MAD_READ_LENGTH	MIN_READ_LENGTH	MAX_READ_LENGTH	MEAN_ALIGNED_READ_LENGTH	READS_ALIGNED_IN_PAIRS	PCT_READS_ALIGNED_IN_PAIRS	PF_READS_IMPROPER_PAIRS	PCT_PF_READS_IMPROPER_PAIRS	BAD_CYCLES	STRAND_BALANCE	PCT_CHIMERAS	PCT_ADAPTER	PCT_SOFTCLIP	PCT_HARDCLIP	AVG_POS_3PRIME_SOFTCLIP_LENGTH	SAMPLE	LIBRARY	READ_GROUP
UG1_ANA0-HG001_DBC0_0	UNPAIRED	1974412.0	1974412.0	1.0	0.0	1974412.0	1.0	545291618.0	1819662.0	509395041.0	445072062.0	1.0	0.005788	0.005432	0.008128	281.635238	54.01207	293.0	31.0	30.0	426.0	277.403527	0.0	0.0	0.0	0.0	0.0	0.50014	0.00825	0.0	0.015026	0.0	17.409883	NA12878		
UG1_ANA0-HG002_DBC0_0	UNPAIRED	1967481.0	1967481.0	1.0	0.0	1967481.0	1.0	550783614.0	1812426.0	515174271.0	443638649.0	1.0	0.006312	0.006007	0.008842	286.25256	55.534118	300.0	29.0	30.0	423.0	281.274566	0.0	0.0	0.0	0.0	0.0	0.49982	0.011765	0.0	0.01739	0.0	17.845111	NA24385		
UG1_ANA0-HG003_DBC0_0	UNPAIRED	1969686.0	1969686.0	1.0	0.0	1969686.0	1.0	542686350.0	1808671.0	505975686.0	442890149.0	1.0	0.00575	0.00538	0.008114	281.129388	54.822403	293.0	31.0	30.0	433.0	276.745709	0.0	0.0	0.0	0.0	0.0	0.500226	0.010152	0.0	0.015593	0.0	17.921333	NA24149		
UG1_ANA0-HG004_DBC0_0	UNPAIRED	1970439.0	1970439.0	1.0	0.0	1970439.0	1.0	551600444.0	1818169.0	516784007.0	447482684.0	1.0	0.006093	0.005775	0.008606	285.915089	54.989598	299.0	29.0	30.0	425.0	281.239767	0.0	0.0	0.0	0.0	0.0	0.500767	0.009881	0.0	0.016352	0.0	17.613241	NA24143		
UG1_ANA0-HG005_DBC0_0	UNPAIRED	1971175.0	1971175.0	1.0	0.0	1971175.0	1.0	548648809.0	1814506.0	512429797.0	446967785.0	1.0	0.005899	0.005539	0.008288	284.074223	54.120623	296.0	30.0	30.0	428.0	279.588223	0.0	0.0	0.0	0.0	0.0	0.500304	0.009677	0.0	0.015792	0.0	17.799304	NA24631		
UG1_ANA0-HG006_DBC0_0	UNPAIRED	1973329.0	1973329.0	1.0	0.0	1973329.0	1.0	559218034.0	1822778.0	524793436.0	450997876.0	1.0	0.006271	0.00599	0.009004	289.503087	56.287664	306.0	27.0	30.0	435.0	284.760344	0.0	0.0	0.0	0.0	0.0	0.500481	0.009303	0.0	0.016382	0.0	17.123736	NA24694		
UG1_ANA0-HG007_DBC0_0	UNPAIRED	1966125.0	1966125.0	1.0	0.0	1966125.0	1.0	549662066.0	1795156.0	510241984.0	441496220.0	1.0	0.006246	0.005879	0.008689	285.905482	55.991546	300.0	29.0	30.0	441.0	280.874124	0.0	0.0	0.0	0.0	0.0	0.500926	0.012301	0.0	0.017598	0.0	18.300351	NA24695		
UG1_ANA1-HG004_DBC0_0	UNPAIRED	1971041.0	1971041.0	1.0	0.0	1971041.0	1.0	543720313.0	1819925.0	509438979.0	446931758.0	1.0	0.005622	0.005284	0.007961	281.313517	53.914636	292.0	31.0	30.0	420.0	277.063919	0.0	0.0	0.0	0.0	0.0	0.499887	0.009688	4e-06	0.015106	0.0	17.653721	NA24143		
UG1_ANA1-HG005_DBC0_0	UNPAIRED	1969288.0	1969288.0	1.0	0.0	1969288.0	1.0	547522268.0	1813428.0	511481785.0	446107307.0	1.0	0.005943	0.005582	0.008229	283.840007	53.962485	296.0	30.0	30.0	442.0	279.283213	0.0	0.0	0.0	0.0	0.0	0.499993	0.010158	0.0	0.016054	0.0	17.923112	NA24631		
