Sample	TOTAL_READS	PF_READS	READ_LENGTH	TOTAL_BASES	PF_BASES	Q20_BASES	PF_Q20_BASES	Q30_BASES	PF_Q30_BASES	Q20_EQUIVALENT_YIELD	PF_Q20_EQUIVALENT_YIELD
UG1_ANA0-HG001_DBC0_0	1974412	1974412	281	556063994	556063994	479608180	479608180	395981245	395981245	844939995	844939995
UG1_ANA0-HG002_DBC0_0	1967481	1967481	286	563196473	563196473	478043342	478043342	388559213	388559213	844503948	844503948
UG1_ANA0-HG003_DBC0_0	1969686	1969686	281	553736620	553736620	478377231	478377231	395733820	395733820	842617525	842617525
UG1_ANA0-HG004_DBC0_0	1970439	1970439	285	563378242	563378242	481065624	481065624	393439531	393439531	849018505	849018505
UG1_ANA0-HG005_DBC0_0	1971175	1971175	284	559960007	559960007	481919238	481919238	397299109	397299109	849440310	849440310
UG1_ANA0-HG006_DBC0_0	1973329	1973329	289	571284838	571284838	483764804	483764804	392165942	392165942	854906777	854906777
UG1_ANA0-HG007_DBC0_0	1966125	1966125	285	562125916	562125916	479437221	479437221	391919591	391919591	846423981	846423981
UG1_ANA1-HG004_DBC0_0	1971041	1971041	281	554480476	554480476	480190449	480190449	397892943	397892943	845329195	845329195
UG1_ANA1-HG005_DBC0_0	1969288	1969288	283	558962720	558962720	481000003	481000003	396225841	396225841	847711108	847711108
