Sample	number_of_samples	number_of_records	number_of_no-ALTs	number_of_SNPs	number_of_MNPs	number_of_indels	number_of_others	number_of_multiallelic_sites	number_of_multiallelic_SNP_sites	ts	tv	tstv	ts_1st_ALT	tv_1st_ALT	tstv_1st_ALT	substitution_type_A>C	substitution_type_A>G	substitution_type_A>T	substitution_type_C>A	substitution_type_C>G	substitution_type_C>T	substitution_type_G>A	substitution_type_G>C	substitution_type_G>T	substitution_type_T>A	substitution_type_T>C	substitution_type_T>G
UG1_ANA0-HG001_DBC0_0.ug.sentdug.snv.sort	1	7717503	0	4771745	0	2952674	0	92837	4291	3048181	1727855	1.76	3045635	1723815	1.77	223653	747627	200027	220990	216665	774094	768796	217062	221918	200675	757664	226865
UG1_ANA0-HG002_DBC0_0.ug.sentdug.snv.sort	1	7989249	0	4851080	0	3145254	0	92859	4017	3092102	1762995	1.75	3089585	1759175	1.76	230575	762318	205617	223470	219039	781650	777668	219890	225752	204395	770466	234257
UG1_ANA0-HG003_DBC0_0.ug.sentdug.snv.sort	1	7698173	0	4770422	0	2934479	0	92550	3948	3045307	1729063	1.76	3043002	1725242	1.76	223317	747952	201118	220372	216902	772395	770303	217962	221889	200228	754657	227275
UG1_ANA0-HG004_DBC0_0.ug.sentdug.snv.sort	1	7937093	0	4881412	0	3062741	0	95413	4395	3113701	1772106	1.76	3111103	1768019	1.76	230398	765217	206314	226276	221709	789443	784932	222287	226787	204998	774109	233337
UG1_ANA0-HG005_DBC0_0.ug.sentdug.snv.sort	1	7736667	0	4760636	0	2982934	0	93819	4013	3039468	1725181	1.76	3037079	1721363	1.76	223590	749348	200810	219443	216123	769202	766257	216880	221801	199420	754661	227114
UG1_ANA0-HG006_DBC0_0.ug.sentdug.snv.sort	1	7980912	0	4805251	0	3182840	0	93687	4141	3061149	1748243	1.75	3058638	1744308	1.75	228240	757505	203450	221177	216795	771231	768926	218312	225032	203170	763487	232067
UG1_ANA0-HG007_DBC0_0.ug.sentdug.snv.sort	1	7902773	0	4828854	0	3081178	0	96360	4574	3081087	1752341	1.76	3078470	1748026	1.76	228763	760041	204068	223276	218626	779042	776163	219399	224649	202228	765841	231332
UG1_ANA1-HG004_DBC0_0.ug.sentdug.snv.sort	1	7760744	0	4839878	0	2927669	0	93899	4391	3089441	1754828	1.76	3086909	1750797	1.76	226904	757436	204133	224190	221063	785210	780826	221128	225124	202971	765969	229315
UG1_ANA1-HG005_DBC0_0.ug.sentdug.snv.sort	1	7760851	0	4768717	0	2999088	0	93146	4028	3043869	1728876	1.76	3041502	1725006	1.76	224191	751072	201395	219933	216237	769653	767057	217096	222173	199598	756087	228253
