Sample	A>C	A>G	A>T	C>A	C>G	C>T	G>A	G>C	G>T	T>A	T>C	T>G
ONT1_ANA0-HG001_DBC0_0.ont.sentdont.snv.sort	335077.0	922280.0	361688.0	335443.0	365688.0	978251.0	948151.0	369594.0	354609.0	366075.0	955714.0	348443.0
ONT1_ANA0-HG002_DBC0_0.ont.sentdont.snv.sort	339754.0	935912.0	369923.0	338707.0	377554.0	992380.0	967206.0	377253.0	362252.0	372934.0	968329.0	351533.0
ONT1_ANA0-HG003_DBC0_0.ont.sentdont.snv.sort	332253.0	921676.0	356709.0	331250.0	366905.0	976344.0	952750.0	368107.0	352734.0	361886.0	949874.0	344870.0
ONT1_ANA0-HG004_DBC0_0.ont.sentdont.snv.sort	332373.0	926889.0	357299.0	333181.0	367109.0	983008.0	959672.0	368602.0	354253.0	358737.0	957381.0	344767.0
ONT1_ANA0-HG005_DBC0_0.ont.sentdont.snv.sort	327441.0	916297.0	352154.0	327636.0	362159.0	965783.0	942679.0	362524.0	347752.0	355835.0	939785.0	338966.0
ONT1_ANA0-HG006_DBC0_0.ont.sentdont.snv.sort	325617.0	915801.0	349558.0	327397.0	362378.0	965235.0	944111.0	361295.0	348934.0	355181.0	940953.0	340490.0
ONT1_ANA0-HG007_DBC0_0.ont.sentdont.snv.sort	332114.0	930061.0	359321.0	334496.0	367262.0	976553.0	955156.0	367237.0	355861.0	365263.0	954193.0	344734.0
ONT1_ANA1-HG001_DBC0_0.ont.sentdont.snv.sort	338750.0	928277.0	365740.0	338598.0	370378.0	985795.0	955276.0	373004.0	358033.0	368849.0	963132.0	352835.0
ONT1_ANA1-HG002_DBC0_0.ont.sentdont.snv.sort	336756.0	930057.0	363834.0	334523.0	372812.0	987225.0	961224.0	372702.0	358241.0	367575.0	962488.0	348868.0
ONT1_ANA1-HG003_DBC0_0.ont.sentdont.snv.sort	327835.0	915078.0	350098.0	325793.0	360820.0	967057.0	945173.0	362550.0	346616.0	354386.0	941857.0	340161.0
ONT1_ANA1-HG004_DBC0_0.ont.sentdont.snv.sort	336778.0	935879.0	363190.0	337838.0	371653.0	992325.0	969857.0	371230.0	359246.0	365522.0	966064.0	350541.0
ONT1_ANA1-HG005_DBC0_0.ont.sentdont.snv.sort	328110.0	919110.0	353146.0	328353.0	363817.0	965768.0	944146.0	363024.0	349403.0	358040.0	941181.0	341305.0
ONT1_ANA1-HG006_DBC0_0.ont.sentdont.snv.sort	327207.0	915194.0	351869.0	328383.0	363398.0	965438.0	943742.0	362574.0	350998.0	357477.0	940225.0	341349.0
ONT1_ANA1-HG007_DBC0_0.ont.sentdont.snv.sort	332098.0	928044.0	358896.0	334133.0	366170.0	974976.0	954325.0	366583.0	355889.0	364120.0	952122.0	343408.0
