Sample	number_of_samples	number_of_records	number_of_no-ALTs	number_of_SNPs	number_of_MNPs	number_of_indels	number_of_others	number_of_multiallelic_sites	number_of_multiallelic_SNP_sites	ts	tv	tstv	ts_1st_ALT	tv_1st_ALT	tstv_1st_ALT	substitution_type_A>C	substitution_type_A>G	substitution_type_A>T	substitution_type_C>A	substitution_type_C>G	substitution_type_C>T	substitution_type_G>A	substitution_type_G>C	substitution_type_G>T	substitution_type_T>A	substitution_type_T>C	substitution_type_T>G
ONT1_ANA0-HG001_DBC0_0.ont.sentdont.snv.sort	1	8734506	0	6623538	0	2123100	0	183781	17475	3804396	2836617	1.34	3796257	2822781	1.34	335077	922280	361688	335443	365688	978251	948151	369594	354609	366075	955714	348443
ONT1_ANA0-HG002_DBC0_0.ont.sentdont.snv.sort	1	8995367	0	6736233	0	2271963	0	205972	17504	3863827	2889910	1.34	3855674	2875900	1.34	339754	935912	369923	338707	377554	992380	967206	377253	362252	372934	968329	351533
ONT1_ANA0-HG003_DBC0_0.ont.sentdont.snv.sort	1	8668284	0	6599403	0	2081251	0	188567	15955	3800644	2814714	1.35	3793222	2801636	1.35	332253	921676	356709	331250	366905	976344	952750	368107	352734	361886	949874	344870
ONT1_ANA0-HG004_DBC0_0.ont.sentdont.snv.sort	1	8630637	0	6627352	0	2015079	0	176652	15919	3826950	2816321	1.36	3819587	2803356	1.36	332373	926889	357299	333181	367109	983008	959672	368602	354253	358737	957381	344767
ONT1_ANA0-HG005_DBC0_0.ont.sentdont.snv.sort	1	8721717	0	6523757	0	2209842	0	170402	15254	3764544	2774467	1.36	3757564	2761845	1.36	327441	916297	352154	327636	362159	965783	942679	362524	347752	355835	939785	338966
ONT1_ANA0-HG006_DBC0_0.ont.sentdont.snv.sort	1	8594305	0	6521296	0	2084986	0	166501	15654	3766100	2770850	1.36	3758809	2757933	1.36	325617	915801	349558	327397	362378	965235	944111	361295	348934	355181	940953	340490
ONT1_ANA0-HG007_DBC0_0.ont.sentdont.snv.sort	1	8635646	0	6626059	0	2022054	0	188617	16192	3815963	2826288	1.35	3808391	2813076	1.35	332114	930061	359321	334496	367262	976553	955156	367237	355861	365263	954193	344734
ONT1_ANA1-HG001_DBC0_0.ont.sentdont.snv.sort	1	8804445	0	6680902	0	2136126	0	192422	17765	3832480	2866187	1.34	3824177	2852092	1.34	338750	928277	365740	338598	370378	985795	955276	373004	358033	368849	963132	352835
ONT1_ANA1-HG002_DBC0_0.ont.sentdont.snv.sort	1	8880600	0	6679307	0	2214162	0	201195	16998	3840994	2855311	1.35	3833105	2841486	1.35	336756	930057	363834	334523	372812	987225	961224	372702	358241	367575	962488	348868
ONT1_ANA1-HG003_DBC0_0.ont.sentdont.snv.sort	1	8554127	0	6521842	0	2044230	0	179837	15582	3769165	2768259	1.36	3761859	2755527	1.37	327835	915078	350098	325793	360820	967057	945173	362550	346616	354386	941857	340161
ONT1_ANA1-HG004_DBC0_0.ont.sentdont.snv.sort	1	8772078	0	6703827	0	2080264	0	188892	16296	3864125	2855998	1.35	3856574	2842805	1.36	336778	935879	363190	337838	371653	992325	969857	371230	359246	365522	966064	350541
ONT1_ANA1-HG005_DBC0_0.ont.sentdont.snv.sort	1	8646448	0	6539810	0	2118821	0	175609	15593	3770205	2785198	1.35	3762960	2772375	1.36	328110	919110	353146	328353	363817	965768	944146	363024	349403	358040	941181	341305
ONT1_ANA1-HG006_DBC0_0.ont.sentdont.snv.sort	1	8578799	0	6532058	0	2058828	0	179598	15796	3764599	2783255	1.35	3757294	2770311	1.36	327207	915194	351869	328383	363398	965438	943742	362574	350998	357477	940225	341349
ONT1_ANA1-HG007_DBC0_0.ont.sentdont.snv.sort	1	8616518	0	6614395	0	2014610	0	186857	16369	3809467	2821297	1.35	3801999	2807778	1.35	332098	928044	358896	334133	366170	974976	954325	366583	355889	364120	952122	343408
